0 0.853516 0.253906 0.160156 0.203125
0 0.386719 0.269531 0.132812 0.179688
0 0.119141 0.421875 0.160156 0.132812
0 0.027344 0.554688 0.046875 0.070312
0 0.298828 0.537109 0.152344 0.175781
0 0.283203 0.755859 0.089844 0.136719
0 0.042969 0.791016 0.078125 0.128906
0 0.187500 0.857422 0.101562 0.160156
0 0.437500 0.462891 0.117188 0.144531
0 0.501953 0.701172 0.105469 0.230469
0 0.785156 0.572266 0.132812 0.160156
0 0.757812 0.716797 0.101562 0.144531
0 0.822266 0.851562 0.097656 0.109375
0 0.968750 0.605469 0.054688 0.109375
0 0.087891 0.916016 0.105469 0.136719
