0 0.208984 0.318359 0.175781 0.292969
0 0.402344 0.464844 0.109375 0.164062
0 0.615234 0.500000 0.082031 0.156250
0 0.794922 0.677734 0.121094 0.183594
0 0.371094 0.226562 0.109375 0.132812
0 0.787109 0.486328 0.066406 0.128906
0 0.681641 0.683594 0.066406 0.109375
0 0.904297 0.552734 0.113281 0.175781
0 0.845703 0.812500 0.066406 0.085938
0 0.843750 0.287109 0.125000 0.121094
0 0.476562 0.142578 0.062500 0.089844
0 0.466797 0.292969 0.066406 0.101562
0 0.830078 0.402344 0.082031 0.085938
0 0.693359 0.082031 0.097656 0.156250
0 0.691406 0.212891 0.085938 0.089844
0 0.949219 0.076172 0.046875 0.128906
0 0.861328 0.042969 0.066406 0.078125
