0 0.066406 0.318359 0.109375 0.089844
0 0.251953 0.326172 0.144531 0.089844
0 0.166016 0.414062 0.082031 0.117188
0 0.158203 0.544922 0.042969 0.074219
0 0.689453 0.248047 0.113281 0.097656
0 0.494141 0.330078 0.082031 0.121094
0 0.382812 0.177734 0.070312 0.097656
0 0.316406 0.583984 0.078125 0.113281
0 0.697266 0.742188 0.113281 0.187500
0 0.789062 0.832031 0.078125 0.148438
0 0.951172 0.343750 0.082031 0.210938
0 0.439453 0.699219 0.089844 0.117188
0 0.074219 0.611328 0.070312 0.113281
0 0.898438 0.869141 0.156250 0.191406
0 0.785156 0.167969 0.078125 0.093750
