0 0.154297 0.419922 0.128906 0.175781
0 0.287109 0.109375 0.105469 0.109375
0 0.138672 0.199219 0.089844 0.156250
0 0.531250 0.197266 0.085938 0.136719
0 0.394531 0.722656 0.140625 0.164062
0 0.572266 0.781250 0.097656 0.164062
0 0.554688 0.511719 0.078125 0.109375
0 0.515625 0.367188 0.140625 0.125000
0 0.814453 0.140625 0.113281 0.164062
0 0.908203 0.031250 0.074219 0.054688
0 0.900391 0.277344 0.050781 0.070312
0 0.701172 0.472656 0.058594 0.085938
0 0.957031 0.537109 0.046875 0.058594
0 0.990234 0.388672 0.019531 0.066406
