0 0.222656 0.517578 0.132812 0.167969
0 0.289062 0.761719 0.140625 0.171875
0 0.208984 0.937500 0.058594 0.125000
0 0.636719 0.753906 0.117188 0.210938
0 0.433594 0.421875 0.062500 0.109375
0 0.011719 0.087891 0.015625 0.066406
0 0.781250 0.417969 0.109375 0.171875
0 0.486328 0.509766 0.082031 0.066406
0 0.527344 0.375000 0.085938 0.148438
0 0.615234 0.425781 0.136719 0.109375
0 0.289062 0.228516 0.078125 0.105469
0 0.638672 0.111328 0.128906 0.214844
0 0.857422 0.183594 0.089844 0.179688
0 0.447266 0.806641 0.050781 0.042969
0 0.146484 0.419922 0.058594 0.082031
