0 0.037109 0.250000 0.066406 0.164062
0 0.033203 0.603516 0.058594 0.160156
0 0.126953 0.570312 0.097656 0.156250
0 0.355469 0.519531 0.132812 0.117188
0 0.281250 0.636719 0.117188 0.195312
0 0.347656 0.728516 0.062500 0.082031
0 0.478516 0.750000 0.113281 0.132812
0 0.410156 0.904297 0.125000 0.152344
0 0.582031 0.595703 0.070312 0.082031
0 0.287109 0.166016 0.121094 0.152344
0 0.558594 0.250000 0.078125 0.117188
0 0.638672 0.445312 0.160156 0.195312
0 0.800781 0.183594 0.101562 0.109375
0 0.275391 0.375000 0.042969 0.046875
0 0.937500 0.521484 0.085938 0.097656
0 0.957031 0.720703 0.085938 0.097656
0 0.277344 0.947266 0.085938 0.105469
0 0.712891 0.869141 0.074219 0.089844
