0 0.171875 0.248047 0.125000 0.160156
0 0.310547 0.312500 0.113281 0.156250
0 0.642578 0.185547 0.160156 0.144531
0 0.800781 0.343750 0.117188 0.164062
0 0.548828 0.474609 0.089844 0.191406
0 0.636719 0.648438 0.085938 0.148438
0 0.177734 0.587891 0.105469 0.113281
0 0.857422 0.707031 0.136719 0.101562
0 0.451172 0.884766 0.144531 0.113281
0 0.248047 0.664062 0.121094 0.164062
0 0.294922 0.511719 0.066406 0.070312
0 0.939453 0.822266 0.113281 0.113281
0 0.212891 0.929688 0.066406 0.101562
0 0.253906 0.070312 0.062500 0.093750
0 0.052734 0.957031 0.066406 0.085938
