0 0.210938 0.505859 0.054688 0.066406
0 0.029297 0.558594 0.050781 0.101562
0 0.062500 0.634766 0.078125 0.089844
0 0.195312 0.892578 0.148438 0.136719
0 0.470703 0.761719 0.066406 0.085938
0 0.621094 0.724609 0.054688 0.074219
0 0.177734 0.750000 0.050781 0.078125
0 0.404297 0.626953 0.058594 0.050781
0 0.121094 0.449219 0.046875 0.078125
0 0.568359 0.248047 0.066406 0.105469
0 0.667969 0.164062 0.062500 0.070312
0 0.949219 0.144531 0.093750 0.070312
0 0.281250 0.244141 0.054688 0.074219
0 0.316406 0.669922 0.132812 0.160156
0 0.335938 0.951172 0.109375 0.097656
0 0.828125 0.363281 0.140625 0.148438
0 0.648438 0.308594 0.070312 0.109375
0 0.125000 0.062500 0.179688 0.117188
0 0.447266 0.476562 0.097656 0.132812
0 0.917969 0.570312 0.164062 0.203125
