0 0.324219 0.189453 0.140625 0.214844
0 0.250000 0.513672 0.109375 0.152344
0 0.236328 0.679688 0.089844 0.164062
0 0.230469 0.869141 0.140625 0.082031
0 0.316406 0.759766 0.156250 0.121094
0 0.474609 0.730469 0.058594 0.078125
0 0.521484 0.869141 0.097656 0.113281
0 0.685547 0.859375 0.121094 0.171875
0 0.589844 0.609375 0.078125 0.140625
0 0.615234 0.324219 0.105469 0.140625
0 0.703125 0.376953 0.117188 0.074219
0 0.642578 0.185547 0.050781 0.050781
0 0.921875 0.271484 0.085938 0.097656
0 0.863281 0.455078 0.085938 0.128906
0 0.894531 0.380859 0.054688 0.074219
0 0.814453 0.625000 0.097656 0.164062
