0 0.201172 0.685547 0.089844 0.113281
0 0.050781 0.697266 0.078125 0.089844
0 0.191406 0.830078 0.085938 0.105469
0 0.535156 0.589844 0.125000 0.195312
0 0.371094 0.552734 0.093750 0.082031
0 0.054688 0.558594 0.070312 0.085938
0 0.353516 0.408203 0.113281 0.089844
0 0.316406 0.654297 0.062500 0.113281
0 0.732422 0.347656 0.121094 0.171875
0 0.906250 0.115234 0.125000 0.144531
0 0.662109 0.171875 0.066406 0.070312
0 0.492188 0.181641 0.054688 0.089844
0 0.369141 0.130859 0.050781 0.058594
0 0.175781 0.230469 0.062500 0.070312
0 0.414062 0.216797 0.046875 0.058594
0 0.347656 0.263672 0.085938 0.121094
0 0.509766 0.380859 0.144531 0.199219
