0 0.363281 0.228516 0.179688 0.253906
0 0.089844 0.132812 0.125000 0.125000
0 0.378906 0.439453 0.101562 0.144531
0 0.638672 0.072266 0.089844 0.136719
0 0.808594 0.162109 0.132812 0.152344
0 0.941406 0.144531 0.117188 0.164062
0 0.943359 0.707031 0.089844 0.179688
0 0.777344 0.753906 0.140625 0.148438
0 0.658203 0.685547 0.082031 0.136719
0 0.417969 0.675781 0.140625 0.132812
0 0.150391 0.609375 0.160156 0.156250
0 0.039062 0.644531 0.070312 0.187500
0 0.376953 0.832031 0.136719 0.164062
0 0.210938 0.931641 0.125000 0.136719
