0 0.517578 0.207031 0.136719 0.171875
0 0.710938 0.193359 0.093750 0.136719
0 0.826172 0.095703 0.042969 0.082031
0 0.673828 0.380859 0.113281 0.152344
0 0.960938 0.373047 0.078125 0.128906
0 0.640625 0.578125 0.117188 0.164062
0 0.744141 0.761719 0.152344 0.148438
0 0.417969 0.587891 0.187500 0.246094
0 0.267578 0.730469 0.121094 0.101562
0 0.076172 0.462891 0.144531 0.199219
0 0.042969 0.603516 0.078125 0.113281
0 0.076172 0.761719 0.144531 0.187500
0 0.246094 0.900391 0.078125 0.074219
0 0.355469 0.949219 0.109375 0.101562
0 0.160156 0.951172 0.078125 0.097656
