0 0.693359 0.148438 0.082031 0.109375
0 0.654297 0.066406 0.050781 0.054688
0 0.609375 0.160156 0.062500 0.070312
0 0.552734 0.193359 0.074219 0.074219
0 0.578125 0.505859 0.085938 0.089844
0 0.162109 0.376953 0.144531 0.175781
0 0.267578 0.314453 0.066406 0.089844
0 0.046875 0.310547 0.070312 0.105469
0 0.035156 0.166016 0.039062 0.089844
0 0.234375 0.675781 0.062500 0.078125
0 0.562500 0.818359 0.046875 0.066406
0 0.691406 0.849609 0.078125 0.089844
0 0.796875 0.699219 0.148438 0.289062
0 0.181641 0.912109 0.113281 0.128906
0 0.423828 0.955078 0.066406 0.082031
0 0.035156 0.644531 0.023438 0.054688
0 0.980469 0.939453 0.039062 0.097656
0 0.835938 0.482422 0.085938 0.105469
0 0.828125 0.390625 0.039062 0.054688
