0 0.250000 0.068359 0.117188 0.128906
0 0.537109 0.115234 0.089844 0.144531
0 0.732422 0.265625 0.089844 0.101562
0 0.861328 0.185547 0.097656 0.128906
0 0.865234 0.427734 0.160156 0.222656
0 0.876953 0.597656 0.089844 0.117188
0 0.802734 0.681641 0.136719 0.105469
0 0.666016 0.626953 0.089844 0.167969
0 0.558594 0.607422 0.093750 0.121094
0 0.443359 0.441406 0.058594 0.140625
0 0.515625 0.341797 0.101562 0.144531
0 0.335938 0.332031 0.093750 0.093750
0 0.230469 0.406250 0.117188 0.148438
0 0.039062 0.292969 0.070312 0.109375
0 0.166016 0.550781 0.082031 0.078125
0 0.125000 0.642578 0.085938 0.113281
0 0.431641 0.660156 0.128906 0.234375
0 0.322266 0.634766 0.066406 0.097656
0 0.074219 0.755859 0.125000 0.175781
0 0.216797 0.910156 0.113281 0.125000
