0 0.353516 0.234375 0.113281 0.164062
0 0.490234 0.250000 0.074219 0.101562
0 0.542969 0.123047 0.132812 0.128906
0 0.451172 0.109375 0.050781 0.070312
0 0.857422 0.253906 0.082031 0.117188
0 0.783203 0.367188 0.066406 0.085938
0 0.736328 0.404297 0.042969 0.089844
0 0.958984 0.369141 0.074219 0.082031
0 0.857422 0.517578 0.074219 0.121094
0 0.753906 0.570312 0.101562 0.085938
0 0.611328 0.455078 0.105469 0.152344
0 0.392578 0.494141 0.144531 0.175781
0 0.234375 0.537109 0.125000 0.175781
0 0.128906 0.501953 0.062500 0.089844
0 0.218750 0.728516 0.117188 0.175781
0 0.960938 0.566406 0.078125 0.195312
0 0.746094 0.865234 0.117188 0.128906
0 0.837891 0.951172 0.058594 0.082031
0 0.562500 0.826172 0.101562 0.097656
0 0.433594 0.945312 0.093750 0.101562
0 0.308594 0.933594 0.101562 0.093750
0 0.033203 0.974609 0.058594 0.050781
0 0.685547 0.968750 0.082031 0.062500
