0 0.140625 0.326172 0.078125 0.097656
0 0.072266 0.058594 0.136719 0.109375
0 0.292969 0.175781 0.117188 0.117188
0 0.294922 0.326172 0.113281 0.183594
0 0.449219 0.277344 0.078125 0.132812
0 0.560547 0.314453 0.089844 0.121094
0 0.892578 0.138672 0.167969 0.152344
0 0.904297 0.310547 0.105469 0.183594
0 0.960938 0.500000 0.078125 0.117188
0 0.925781 0.748047 0.125000 0.183594
0 0.609375 0.595703 0.132812 0.191406
0 0.419922 0.439453 0.097656 0.121094
0 0.179688 0.480469 0.062500 0.132812
0 0.173828 0.638672 0.128906 0.136719
0 0.343750 0.732422 0.164062 0.167969
0 0.783203 0.332031 0.066406 0.062500
