0 0.734375 0.142578 0.109375 0.152344
0 0.576172 0.289062 0.144531 0.125000
0 0.406250 0.242188 0.078125 0.085938
0 0.308594 0.212891 0.078125 0.128906
0 0.517578 0.078125 0.082031 0.062500
0 0.429688 0.103516 0.070312 0.089844
0 0.904297 0.111328 0.058594 0.066406
0 0.957031 0.195312 0.085938 0.101562
0 0.929688 0.460938 0.078125 0.101562
0 0.742188 0.435547 0.054688 0.097656
0 0.791016 0.517578 0.058594 0.082031
0 0.939453 0.646484 0.105469 0.128906
0 0.660156 0.537109 0.125000 0.074219
0 0.380859 0.451172 0.089844 0.097656
0 0.332031 0.400391 0.054688 0.066406
0 0.236328 0.449219 0.121094 0.140625
0 0.082031 0.312500 0.070312 0.101562
0 0.138672 0.613281 0.105469 0.101562
0 0.218750 0.619141 0.078125 0.082031
0 0.105469 0.750000 0.078125 0.117188
0 0.193359 0.914062 0.097656 0.109375
0 0.324219 0.896484 0.078125 0.121094
0 0.376953 0.849609 0.042969 0.058594
0 0.423828 0.929688 0.121094 0.109375
0 0.636719 0.714844 0.054688 0.070312
0 0.421875 0.767578 0.046875 0.050781
0 0.806641 0.355469 0.058594 0.078125
