0 0.152344 0.402344 0.171875 0.234375
0 0.244141 0.197266 0.113281 0.175781
0 0.449219 0.255859 0.078125 0.089844
0 0.886719 0.248047 0.164062 0.214844
0 0.359375 0.599609 0.117188 0.152344
0 0.345703 0.794922 0.121094 0.128906
0 0.056641 0.755859 0.074219 0.128906
0 0.523438 0.880859 0.093750 0.121094
0 0.644531 0.810547 0.054688 0.082031
0 0.486328 0.673828 0.066406 0.058594
0 0.798828 0.865234 0.089844 0.089844
0 0.703125 0.564453 0.078125 0.097656
0 0.966797 0.648438 0.058594 0.054688
0 0.947266 0.796875 0.050781 0.085938
0 0.863281 0.738281 0.054688 0.054688
0 0.917969 0.521484 0.046875 0.058594
0 0.763672 0.359375 0.042969 0.078125
0 0.845703 0.089844 0.050781 0.101562
0 0.500000 0.439453 0.062500 0.066406
