0 0.324219 0.326172 0.093750 0.128906
0 0.125000 0.054688 0.140625 0.101562
0 0.388672 0.138672 0.050781 0.058594
0 0.666016 0.257812 0.105469 0.117188
0 0.763672 0.222656 0.058594 0.062500
0 0.960938 0.179688 0.078125 0.179688
0 0.593750 0.529297 0.117188 0.144531
0 0.556641 0.650391 0.105469 0.121094
0 0.445312 0.582031 0.109375 0.093750
0 0.458984 0.347656 0.128906 0.140625
0 0.187500 0.652344 0.093750 0.093750
0 0.042969 0.546875 0.054688 0.078125
0 0.052734 0.691406 0.050781 0.078125
0 0.199219 0.841797 0.117188 0.144531
0 0.066406 0.189453 0.046875 0.074219
0 0.605469 0.804688 0.140625 0.179688
0 0.769531 0.808594 0.117188 0.148438
0 0.875000 0.666016 0.093750 0.152344
0 0.898438 0.591797 0.062500 0.066406
0 0.949219 0.537109 0.085938 0.074219
0 0.857422 0.412109 0.050781 0.066406
0 0.441406 0.968750 0.148438 0.062500
0 0.345703 0.716797 0.074219 0.097656
0 0.777344 0.964844 0.148438 0.070312
0 0.054688 0.871094 0.078125 0.109375
