0 0.041016 0.578125 0.074219 0.195312
0 0.187500 0.736328 0.125000 0.167969
0 0.267578 0.613281 0.121094 0.164062
0 0.277344 0.490234 0.117188 0.082031
0 0.308594 0.302734 0.085938 0.113281
0 0.402344 0.328125 0.085938 0.078125
0 0.417969 0.103516 0.078125 0.089844
0 0.191406 0.064453 0.140625 0.105469
0 0.666016 0.035156 0.074219 0.062500
0 0.871094 0.191406 0.062500 0.078125
0 0.957031 0.177734 0.078125 0.097656
0 0.945312 0.041016 0.070312 0.074219
0 0.951172 0.341797 0.097656 0.136719
0 0.773438 0.546875 0.125000 0.140625
0 0.675781 0.683594 0.125000 0.156250
0 0.554688 0.755859 0.125000 0.144531
0 0.521484 0.615234 0.128906 0.152344
0 0.396484 0.611328 0.089844 0.183594
