0 0.074219 0.183594 0.125000 0.187500
0 0.070312 0.664062 0.125000 0.164062
0 0.597656 0.509766 0.070312 0.128906
0 0.677734 0.486328 0.066406 0.121094
0 0.744141 0.445312 0.121094 0.195312
0 0.843750 0.417969 0.085938 0.125000
0 0.779297 0.294922 0.082031 0.097656
0 0.515625 0.167969 0.062500 0.078125
0 0.421875 0.208984 0.070312 0.105469
0 0.230469 0.535156 0.101562 0.132812
0 0.640625 0.792969 0.062500 0.078125
0 0.941406 0.302734 0.062500 0.074219
0 0.291016 0.943359 0.121094 0.113281
0 0.566406 0.287109 0.054688 0.082031
0 0.892578 0.781250 0.058594 0.101562
0 0.542969 0.900391 0.125000 0.160156
0 0.400391 0.630859 0.082031 0.128906
0 0.347656 0.474609 0.062500 0.074219
0 0.138672 0.966797 0.097656 0.066406
0 0.980469 0.224609 0.039062 0.089844
