0 0.373047 0.083984 0.089844 0.121094
0 0.427734 0.236328 0.105469 0.144531
0 0.429688 0.359375 0.101562 0.101562
0 0.587891 0.468750 0.113281 0.132812
0 0.691406 0.326172 0.148438 0.136719
0 0.906250 0.302734 0.117188 0.191406
0 0.943359 0.582031 0.113281 0.117188
0 0.921875 0.677734 0.085938 0.089844
0 0.658203 0.572266 0.105469 0.152344
0 0.673828 0.734375 0.097656 0.125000
0 0.863281 0.800781 0.101562 0.140625
0 0.958984 0.861328 0.082031 0.128906
0 0.505859 0.832031 0.074219 0.164062
0 0.353516 0.685547 0.136719 0.113281
0 0.201172 0.632812 0.097656 0.093750
0 0.166016 0.937500 0.089844 0.125000
