0 0.144531 0.087891 0.125000 0.121094
0 0.308594 0.169922 0.234375 0.300781
0 0.041016 0.283203 0.074219 0.121094
0 0.160156 0.410156 0.156250 0.187500
0 0.253906 0.585938 0.171875 0.164062
0 0.064453 0.695312 0.121094 0.210938
0 0.062500 0.912109 0.085938 0.136719
0 0.271484 0.939453 0.128906 0.121094
0 0.355469 0.740234 0.062500 0.105469
0 0.482422 0.796875 0.097656 0.132812
0 0.511719 0.626953 0.101562 0.167969
0 0.632812 0.826172 0.164062 0.183594
0 0.787109 0.630859 0.191406 0.253906
0 0.544922 0.962891 0.074219 0.074219
