0 0.501953 0.101562 0.152344 0.179688
0 0.466797 0.232422 0.121094 0.105469
0 0.306641 0.181641 0.097656 0.089844
0 0.072266 0.091797 0.097656 0.105469
0 0.070312 0.417969 0.132812 0.171875
0 0.578125 0.576172 0.140625 0.222656
0 0.488281 0.599609 0.085938 0.113281
0 0.587891 0.412109 0.097656 0.105469
0 0.658203 0.111328 0.144531 0.199219
0 0.828125 0.214844 0.093750 0.101562
0 0.716797 0.472656 0.121094 0.148438
0 0.421875 0.775391 0.093750 0.121094
0 0.412109 0.947266 0.097656 0.105469
0 0.318359 0.863281 0.105469 0.148438
0 0.035156 0.781250 0.062500 0.148438
0 0.050781 0.630859 0.085938 0.113281
0 0.367188 0.519531 0.093750 0.187500
0 0.208984 0.820312 0.066406 0.093750
