0 0.224609 0.140625 0.113281 0.117188
0 0.296875 0.224609 0.101562 0.082031
0 0.210938 0.265625 0.070312 0.070312
0 0.242188 0.361328 0.093750 0.082031
0 0.123047 0.400391 0.082031 0.082031
0 0.095703 0.501953 0.113281 0.136719
0 0.304688 0.585938 0.117188 0.132812
0 0.433594 0.587891 0.140625 0.160156
0 0.449219 0.314453 0.140625 0.152344
0 0.652344 0.300781 0.101562 0.132812
0 0.904297 0.111328 0.097656 0.136719
0 0.919922 0.240234 0.082031 0.128906
0 0.960938 0.613281 0.078125 0.156250
0 0.621094 0.873047 0.156250 0.167969
0 0.779297 0.849609 0.097656 0.136719
0 0.572266 0.503906 0.089844 0.125000
0 0.652344 0.468750 0.093750 0.140625
0 0.292969 0.730469 0.085938 0.117188
0 0.396484 0.855469 0.089844 0.109375
0 0.103516 0.857422 0.074219 0.066406
0 0.443359 0.730469 0.160156 0.125000
0 0.074219 0.250000 0.132812 0.179688
0 0.164062 0.923828 0.062500 0.097656
