0 0.212891 0.167969 0.144531 0.148438
0 0.156250 0.730469 0.164062 0.195312
0 0.281250 0.042969 0.117188 0.078125
0 0.490234 0.105469 0.121094 0.140625
0 0.433594 0.294922 0.164062 0.207031
0 0.541016 0.367188 0.082031 0.164062
0 0.705078 0.406250 0.152344 0.164062
0 0.806641 0.462891 0.105469 0.128906
0 0.447266 0.513672 0.152344 0.121094
0 0.492188 0.601562 0.101562 0.101562
0 0.423828 0.738281 0.113281 0.132812
0 0.462891 0.892578 0.066406 0.082031
0 0.712891 0.826172 0.160156 0.175781
0 0.898438 0.822266 0.132812 0.160156
0 0.962891 0.937500 0.074219 0.117188
0 0.824219 0.208984 0.132812 0.097656
0 0.890625 0.064453 0.093750 0.097656
