0 0.289062 0.146484 0.125000 0.191406
0 0.076172 0.902344 0.089844 0.187500
0 0.173828 0.632812 0.128906 0.125000
0 0.226562 0.783203 0.093750 0.097656
0 0.351562 0.923828 0.195312 0.152344
0 0.435547 0.294922 0.128906 0.152344
0 0.570312 0.189453 0.132812 0.128906
0 0.617188 0.472656 0.093750 0.125000
0 0.613281 0.669922 0.078125 0.121094
0 0.593750 0.763672 0.078125 0.074219
0 0.521484 0.810547 0.074219 0.097656
0 0.851562 0.826172 0.109375 0.175781
0 0.923828 0.707031 0.082031 0.078125
0 0.773438 0.136719 0.117188 0.117188
