0 0.435547 0.658203 0.113281 0.222656
0 0.662109 0.621094 0.089844 0.156250
0 0.873047 0.425781 0.152344 0.210938
0 0.876953 0.593750 0.113281 0.109375
0 0.808594 0.671875 0.148438 0.117188
0 0.220703 0.910156 0.128906 0.117188
0 0.082031 0.726562 0.156250 0.218750
0 0.224609 0.400391 0.128906 0.152344
0 0.857422 0.183594 0.105469 0.117188
0 0.539062 0.109375 0.085938 0.125000
0 0.248047 0.066406 0.105469 0.117188
0 0.445312 0.435547 0.085938 0.113281
0 0.511719 0.337891 0.125000 0.121094
0 0.736328 0.271484 0.105469 0.105469
0 0.564453 0.607422 0.089844 0.128906
0 0.046875 0.460938 0.085938 0.117188
