0 0.638672 0.724609 0.128906 0.167969
0 0.498047 0.609375 0.152344 0.156250
0 0.037109 0.373047 0.066406 0.097656
0 0.132812 0.238281 0.078125 0.109375
0 0.179688 0.525391 0.101562 0.144531
0 0.263672 0.492188 0.058594 0.093750
0 0.240234 0.181641 0.074219 0.089844
0 0.349609 0.216797 0.089844 0.144531
0 0.416016 0.279297 0.066406 0.082031
0 0.796875 0.226562 0.070312 0.101562
0 0.880859 0.630859 0.089844 0.160156
0 0.960938 0.585938 0.070312 0.101562
0 0.855469 0.496094 0.078125 0.070312
0 0.771484 0.322266 0.066406 0.097656
0 0.957031 0.357422 0.054688 0.089844
0 0.869141 0.216797 0.066406 0.113281
0 0.689453 0.031250 0.097656 0.054688
0 0.080078 0.066406 0.082031 0.125000
0 0.277344 0.042969 0.046875 0.062500
0 0.785156 0.574219 0.109375 0.156250
