0 0.193359 0.435547 0.152344 0.183594
0 0.226562 0.093750 0.085938 0.109375
0 0.740234 0.126953 0.082031 0.097656
0 0.494141 0.222656 0.066406 0.101562
0 0.253906 0.689453 0.085938 0.128906
0 0.320312 0.767578 0.054688 0.152344
0 0.429688 0.601562 0.078125 0.156250
0 0.574219 0.677734 0.054688 0.082031
0 0.695312 0.796875 0.117188 0.195312
0 0.580078 0.902344 0.097656 0.117188
0 0.892578 0.617188 0.082031 0.093750
0 0.919922 0.455078 0.074219 0.089844
0 0.945312 0.335938 0.054688 0.078125
0 0.517578 0.402344 0.089844 0.101562
0 0.367188 0.353516 0.101562 0.183594
0 0.841797 0.195312 0.105469 0.109375
