0 0.419922 0.250000 0.082031 0.156250
0 0.429688 0.480469 0.070312 0.125000
0 0.554688 0.080078 0.109375 0.121094
0 0.300781 0.664062 0.062500 0.109375
0 0.134766 0.535156 0.074219 0.140625
0 0.611328 0.355469 0.113281 0.164062
0 0.837891 0.146484 0.082031 0.105469
0 0.882812 0.830078 0.101562 0.128906
0 0.767578 0.593750 0.128906 0.109375
0 0.509766 0.501953 0.066406 0.074219
0 0.863281 0.363281 0.125000 0.125000
0 0.892578 0.677734 0.058594 0.097656
0 0.181641 0.677734 0.082031 0.105469
0 0.146484 0.277344 0.199219 0.242188
