0 0.156250 0.107422 0.109375 0.097656
0 0.337891 0.216797 0.097656 0.128906
0 0.476562 0.310547 0.078125 0.183594
0 0.546875 0.226562 0.070312 0.101562
0 0.619141 0.291016 0.089844 0.105469
0 0.826172 0.496094 0.152344 0.132812
0 0.052734 0.513672 0.097656 0.191406
0 0.474609 0.554688 0.082031 0.101562
0 0.609375 0.591797 0.093750 0.121094
0 0.683594 0.701172 0.132812 0.089844
0 0.910156 0.769531 0.031250 0.062500
0 0.728516 0.882812 0.082031 0.109375
0 0.275391 0.898438 0.050781 0.062500
0 0.140625 0.187500 0.070312 0.070312
0 0.238281 0.945312 0.070312 0.062500
0 0.111328 0.740234 0.082031 0.089844
