0 0.267578 0.322266 0.167969 0.191406
0 0.068359 0.439453 0.128906 0.160156
0 0.318359 0.654297 0.128906 0.121094
0 0.375000 0.472656 0.132812 0.125000
0 0.552734 0.466797 0.113281 0.113281
0 0.679688 0.271484 0.125000 0.152344
0 0.628906 0.509766 0.140625 0.152344
0 0.701172 0.683594 0.121094 0.117188
0 0.962891 0.619141 0.066406 0.128906
0 0.812500 0.826172 0.085938 0.105469
0 0.212891 0.876953 0.097656 0.152344
0 0.632812 0.937500 0.210938 0.125000
0 0.978516 0.839844 0.042969 0.148438
0 0.105469 0.966797 0.109375 0.066406
