0 0.386719 0.230469 0.132812 0.171875
0 0.041016 0.203125 0.074219 0.171875
0 0.732422 0.562500 0.144531 0.210938
0 0.607422 0.158203 0.121094 0.136719
0 0.294922 0.292969 0.144531 0.164062
0 0.269531 0.781250 0.117188 0.117188
0 0.125000 0.951172 0.101562 0.097656
0 0.105469 0.697266 0.078125 0.121094
0 0.521484 0.855469 0.128906 0.117188
0 0.462891 0.955078 0.089844 0.089844
0 0.792969 0.884766 0.171875 0.128906
0 0.654297 0.650391 0.113281 0.128906
0 0.175781 0.359375 0.093750 0.109375
0 0.648438 0.937500 0.117188 0.125000
