0 0.310547 0.234375 0.097656 0.148438
0 0.238281 0.363281 0.101562 0.195312
0 0.066406 0.189453 0.125000 0.167969
0 0.537109 0.265625 0.082031 0.140625
0 0.685547 0.458984 0.082031 0.113281
0 0.771484 0.310547 0.105469 0.105469
0 0.736328 0.152344 0.113281 0.187500
0 0.955078 0.330078 0.089844 0.183594
0 0.865234 0.511719 0.082031 0.132812
0 0.570312 0.558594 0.101562 0.234375
0 0.375000 0.556641 0.117188 0.160156
0 0.255859 0.664062 0.105469 0.109375
0 0.521484 0.810547 0.160156 0.167969
0 0.146484 0.763672 0.089844 0.089844
