0 0.181641 0.390625 0.136719 0.179688
0 0.273438 0.357422 0.078125 0.113281
0 0.390625 0.445312 0.070312 0.070312
0 0.734375 0.281250 0.148438 0.148438
0 0.705078 0.609375 0.152344 0.210938
0 0.888672 0.720703 0.136719 0.222656
0 0.648438 0.691406 0.054688 0.085938
0 0.507812 0.570312 0.070312 0.070312
0 0.697266 0.888672 0.082031 0.121094
0 0.531250 0.835938 0.054688 0.070312
0 0.421875 0.835938 0.078125 0.085938
0 0.443359 0.712891 0.066406 0.066406
0 0.382812 0.601562 0.054688 0.054688
0 0.261719 0.632812 0.156250 0.195312
0 0.308594 0.560547 0.062500 0.058594
0 0.023438 0.621094 0.039062 0.070312
0 0.039062 0.277344 0.070312 0.171875
0 0.144531 0.169922 0.046875 0.074219
0 0.453125 0.117188 0.039062 0.062500
