0 0.306641 0.062500 0.066406 0.093750
0 0.226562 0.169922 0.046875 0.058594
0 0.267578 0.414062 0.089844 0.101562
0 0.328125 0.541016 0.070312 0.074219
0 0.583984 0.505859 0.121094 0.089844
0 0.910156 0.298828 0.109375 0.105469
0 0.724609 0.705078 0.074219 0.066406
0 0.388672 0.703125 0.097656 0.093750
0 0.603516 0.820312 0.082031 0.085938
0 0.783203 0.894531 0.082031 0.078125
0 0.056641 0.630859 0.089844 0.144531
0 0.453125 0.921875 0.085938 0.078125
0 0.343750 0.878906 0.109375 0.078125
0 0.035156 0.113281 0.062500 0.187500
0 0.583984 0.269531 0.058594 0.046875
0 0.412109 0.283203 0.050781 0.058594
0 0.917969 0.800781 0.054688 0.085938
0 0.974609 0.812500 0.050781 0.085938
0 0.783203 0.179688 0.058594 0.054688
