0 0.693359 0.212891 0.144531 0.222656
0 0.189453 0.203125 0.144531 0.210938
0 0.527344 0.123047 0.125000 0.144531
0 0.275391 0.486328 0.074219 0.121094
0 0.382812 0.542969 0.125000 0.148438
0 0.363281 0.707031 0.109375 0.164062
0 0.244141 0.644531 0.121094 0.171875
0 0.130859 0.474609 0.082031 0.105469
0 0.453125 0.929688 0.156250 0.140625
0 0.294922 0.935547 0.113281 0.128906
0 0.140625 0.843750 0.062500 0.078125
0 0.562500 0.738281 0.054688 0.062500
0 0.617188 0.767578 0.054688 0.066406
0 0.523438 0.816406 0.062500 0.062500
0 0.855469 0.587891 0.054688 0.066406
0 0.750000 0.453125 0.062500 0.070312
0 0.472656 0.333984 0.093750 0.136719
