0 0.121094 0.601562 0.109375 0.179688
0 0.488281 0.501953 0.085938 0.128906
0 0.132812 0.105469 0.132812 0.156250
0 0.957031 0.388672 0.085938 0.097656
0 0.748047 0.628906 0.089844 0.101562
0 0.841797 0.705078 0.050781 0.097656
0 0.634766 0.771484 0.066406 0.074219
0 0.587891 0.972656 0.121094 0.054688
0 0.408203 0.910156 0.097656 0.093750
0 0.066406 0.974609 0.062500 0.050781
0 0.248047 0.826172 0.074219 0.074219
0 0.630859 0.121094 0.066406 0.078125
0 0.943359 0.109375 0.074219 0.101562
0 0.826172 0.960938 0.082031 0.078125
