0 0.357422 0.281250 0.136719 0.195312
0 0.431641 0.150391 0.113281 0.128906
0 0.517578 0.218750 0.105469 0.101562
0 0.667969 0.181641 0.101562 0.121094
0 0.742188 0.068359 0.117188 0.128906
0 0.908203 0.128906 0.066406 0.070312
0 0.845703 0.261719 0.113281 0.140625
0 0.847656 0.427734 0.109375 0.113281
0 0.949219 0.511719 0.078125 0.101562
0 0.761719 0.539062 0.117188 0.093750
0 0.919922 0.695312 0.121094 0.164062
0 0.765625 0.833984 0.101562 0.105469
0 0.583984 0.843750 0.097656 0.132812
0 0.681641 0.939453 0.089844 0.082031
0 0.521484 0.726562 0.058594 0.070312
0 0.304688 0.802734 0.101562 0.136719
0 0.363281 0.445312 0.125000 0.132812
0 0.414062 0.662109 0.140625 0.230469
0 0.517578 0.609375 0.097656 0.132812
0 0.660156 0.617188 0.093750 0.148438
0 0.599609 0.541016 0.074219 0.089844
0 0.843750 0.970703 0.039062 0.058594
