0 0.177734 0.199219 0.121094 0.164062
0 0.367188 0.357422 0.117188 0.207031
0 0.492188 0.339844 0.140625 0.218750
0 0.343750 0.187500 0.109375 0.125000
0 0.914062 0.199219 0.164062 0.210938
0 0.740234 0.707031 0.121094 0.132812
0 0.623047 0.603516 0.121094 0.152344
0 0.492188 0.681641 0.140625 0.253906
0 0.267578 0.771484 0.097656 0.105469
0 0.441406 0.947266 0.085938 0.105469
0 0.789062 0.914062 0.085938 0.109375
0 0.939453 0.810547 0.121094 0.191406
0 0.904297 0.964844 0.082031 0.070312
0 0.691406 0.046875 0.179688 0.085938
