0 0.080078 0.197266 0.113281 0.175781
0 0.238281 0.220703 0.062500 0.105469
0 0.355469 0.238281 0.148438 0.148438
0 0.316406 0.335938 0.101562 0.101562
0 0.496094 0.333984 0.156250 0.160156
0 0.472656 0.072266 0.109375 0.113281
0 0.591797 0.089844 0.058594 0.093750
0 0.671875 0.197266 0.101562 0.105469
0 0.763672 0.261719 0.113281 0.101562
0 0.820312 0.054688 0.070312 0.085938
0 0.943359 0.355469 0.113281 0.179688
0 0.814453 0.507812 0.121094 0.156250
0 0.949219 0.554688 0.078125 0.132812
0 0.943359 0.683594 0.113281 0.109375
0 0.429688 0.556641 0.132812 0.113281
0 0.138672 0.482422 0.097656 0.144531
0 0.263672 0.591797 0.105469 0.167969
0 0.687500 0.796875 0.078125 0.125000
0 0.876953 0.845703 0.105469 0.152344
0 0.699219 0.513672 0.101562 0.191406
0 0.142578 0.054688 0.074219 0.101562
