0 0.195312 0.496094 0.101562 0.132812
0 0.064453 0.685547 0.121094 0.222656
0 0.353516 0.730469 0.128906 0.156250
0 0.482422 0.667969 0.136719 0.164062
0 0.318359 0.509766 0.152344 0.253906
0 0.619141 0.509766 0.136719 0.183594
0 0.683594 0.384766 0.140625 0.214844
0 0.787109 0.109375 0.167969 0.210938
0 0.882812 0.322266 0.187500 0.175781
0 0.841797 0.500000 0.160156 0.164062
0 0.751953 0.591797 0.121094 0.144531
0 0.433594 0.935547 0.156250 0.128906
0 0.800781 0.861328 0.093750 0.097656
0 0.960938 0.900391 0.078125 0.105469
0 0.968750 0.748047 0.062500 0.136719
