0 0.103516 0.291016 0.175781 0.199219
0 0.130859 0.152344 0.105469 0.125000
0 0.306641 0.207031 0.097656 0.117188
0 0.361328 0.408203 0.105469 0.121094
0 0.453125 0.667969 0.179688 0.179688
0 0.730469 0.757812 0.179688 0.242188
0 0.681641 0.548828 0.097656 0.121094
0 0.578125 0.451172 0.132812 0.152344
0 0.617188 0.240234 0.070312 0.074219
0 0.542969 0.148438 0.070312 0.070312
0 0.611328 0.072266 0.058594 0.082031
0 0.734375 0.146484 0.093750 0.105469
0 0.875000 0.509766 0.078125 0.160156
0 0.394531 0.072266 0.070312 0.089844
