0 0.271484 0.132812 0.105469 0.101562
0 0.429688 0.150391 0.078125 0.089844
0 0.498047 0.177734 0.066406 0.074219
0 0.302734 0.275391 0.050781 0.066406
0 0.388672 0.353516 0.058594 0.082031
0 0.509766 0.371094 0.082031 0.093750
0 0.287109 0.408203 0.082031 0.105469
0 0.236328 0.599609 0.082031 0.136719
0 0.101562 0.775391 0.109375 0.121094
0 0.429688 0.677734 0.148438 0.136719
0 0.076172 0.955078 0.105469 0.089844
0 0.808594 0.591797 0.109375 0.097656
0 0.554688 0.521484 0.078125 0.082031
0 0.763672 0.353516 0.136719 0.121094
0 0.894531 0.433594 0.101562 0.125000
0 0.929688 0.744141 0.062500 0.082031
0 0.882812 0.164062 0.070312 0.070312
0 0.541016 0.966797 0.113281 0.066406
