0 0.269531 0.351562 0.085938 0.125000
0 0.355469 0.441406 0.093750 0.171875
0 0.365234 0.121094 0.167969 0.179688
0 0.359375 0.259766 0.070312 0.097656
0 0.439453 0.300781 0.082031 0.101562
0 0.593750 0.093750 0.156250 0.179688
0 0.765625 0.058594 0.070312 0.093750
0 0.685547 0.277344 0.066406 0.093750
0 0.759766 0.343750 0.066406 0.093750
0 0.750000 0.419922 0.039062 0.058594
0 0.798828 0.402344 0.058594 0.070312
0 0.863281 0.462891 0.062500 0.066406
0 0.923828 0.546875 0.066406 0.078125
0 0.658203 0.708984 0.175781 0.152344
0 0.687500 0.568359 0.203125 0.113281
0 0.322266 0.677734 0.128906 0.121094
0 0.589844 0.949219 0.132812 0.101562
