0 0.164062 0.078125 0.187500 0.148438
0 0.287109 0.650391 0.074219 0.121094
0 0.779297 0.548828 0.136719 0.167969
0 0.615234 0.394531 0.082031 0.101562
0 0.716797 0.160156 0.105469 0.132812
0 0.359375 0.425781 0.117188 0.109375
0 0.140625 0.359375 0.093750 0.093750
0 0.400391 0.652344 0.082031 0.093750
0 0.244141 0.835938 0.113281 0.171875
0 0.253906 0.535156 0.132812 0.093750
0 0.517578 0.302734 0.089844 0.097656
0 0.601562 0.142578 0.078125 0.089844
0 0.972656 0.382812 0.054688 0.070312
0 0.603516 0.640625 0.058594 0.093750
0 0.658203 0.568359 0.082031 0.089844
0 0.468750 0.794922 0.054688 0.089844
0 0.041016 0.396484 0.066406 0.089844
0 0.111328 0.533203 0.050781 0.074219
0 0.019531 0.251953 0.031250 0.082031
0 0.966797 0.683594 0.066406 0.085938
0 0.710938 0.820312 0.078125 0.070312
