0 0.621094 0.050781 0.085938 0.093750
0 0.498047 0.023438 0.066406 0.039062
0 0.113281 0.507812 0.093750 0.125000
0 0.447266 0.638672 0.082031 0.128906
0 0.457031 0.794922 0.132812 0.121094
0 0.750000 0.537109 0.125000 0.152344
0 0.535156 0.228516 0.125000 0.121094
0 0.390625 0.958984 0.140625 0.082031
0 0.105469 0.716797 0.062500 0.089844
0 0.769531 0.628906 0.078125 0.070312
0 0.269531 0.240234 0.093750 0.113281
0 0.185547 0.908203 0.074219 0.089844
0 0.726562 0.306641 0.070312 0.113281
0 0.078125 0.349609 0.070312 0.105469
