0 0.148438 0.222656 0.117188 0.148438
0 0.275391 0.203125 0.121094 0.093750
0 0.402344 0.460938 0.125000 0.132812
0 0.087891 0.478516 0.167969 0.199219
0 0.242188 0.800781 0.093750 0.109375
0 0.039062 0.714844 0.070312 0.093750
0 0.476562 0.722656 0.085938 0.101562
0 0.619141 0.732422 0.128906 0.160156
0 0.632812 0.945312 0.109375 0.109375
0 0.835938 0.773438 0.125000 0.195312
0 0.904297 0.660156 0.113281 0.117188
0 0.742188 0.376953 0.125000 0.136719
0 0.621094 0.501953 0.164062 0.222656
0 0.904297 0.457031 0.128906 0.179688
0 0.912109 0.189453 0.175781 0.214844
